0.009069833186943045
0.008923018356444788
0.008930408539972665
0.008678069365488546
0.008205385680100515
0.007727570632870712
0.007801197069997138
0.007527770599592559
0.0074284162985532665
0.006955218324630763
0.006417737584449895
0.0056463511750138385
0.004830067370974345
0.004002217361365363
0.0036539327380260504
0.0028339939966614803
0.002274782850730155
0.0016840956315526288
0.0012108397383524888
0.00069822701325574
0.0003261403410258627
-0.00022659556933501935
-0.000619733964801704
-0.0006446926677994921
-0.0010030595483077446
-0.0010375625605596958
-0.0012784453308704246
-0.0016439500620998105
-0.002059245465152974
-0.002207345252175545
-0.0027162803691364555
-0.0026653332149346957
-0.002933972055015861
-0.003058053231838313
-0.003088758539692732
-0.003122005784444542
-0.003518905429303836
-0.003569212152047376
-0.0036904274524193832
-0.0038594288054195286
-0.0038193899068565663
-0.0037264392873705633
-0.0031375809066999144
-0.0027908569967143543
-0.0022794463495045833
-0.0018353614788858656
-0.0014174393725264565
-0.0012473324662651865
-0.0005521719714475925
-0.0002716280279878057
0.00048583212538095557
0.0010345925337268544
0.0016518564529102236
0.0020602623196078404
0.002833456417370117
0.002914048349104087
0.0035708211195012935
0.0036573701670469753
0.003990121762323873
0.004166115148140695
0.004534848777426329
0.00452611691169466
0.004920436138104906
0.004766053106120653
0.004804503970867544
0.004698953522549145
0.004686366147496004
0.004501363469216842
0.0043654386070723795
0.003942356095312379
0.0037881159556606993
0.003479293743576012
0.003251713315004166
0.003046494451610434
0.0029300125944051025
0.0026970844203359776
0.0026629796273560584
0.0023855416856998503
0.0022581436918901296
0.0022018891978156626
0.002085942617110981
0.0021001263575970972
0.0022810586730747048
0.0024661001726683047
0.002717269658146373
0.0029369042590088506
0.003154951503393491
0.0032600700499778494
0.003422909078318611
0.003497189799449014
0.003564636290745358
0.0035227270837442327
0.0032603627023986095
0.002994696070539923
0.002751907546937157
0.0023936111796870633
0.0019179556998856094
0.0014203029884500833
0.0008724270733221942
0.0005078385573891547
0.00020865570331196853
9.09993070874801e-05
6.665561072144442e-05
3.0284339321895828e-05
8.351785649957341e-06
5.574299468054105e-05
6.227475981557983e-05
-6.03665962538561e-05
-0.0004211120069615597
-0.000915329499934733
-0.0012934045401237799
-0.0013974009060750137
-0.001442994699013792
-0.0012504542089510002
-0.0011013920593635612
-0.0008960362669695035
-0.0007267740514360814
3.0748673476966154e-06
0.0011552404623621606
0.0024851959155048338
0.0033506001038293
0.004137184178349026
0.004652214214041025
0.005109091806456259
0.005321379589163275
0.005253900765681235
0.004800323344200226
0.00439046680138728
0.003899818136617429
0.0035628523616224083
0.0032205085654129946
0.002610091176561859
0.0018688897943636403
0.0013612562294189777
0.000955640790185531
0.0006845680833099595
0.0006126630698197796
0.00033793117548396327
7.258031229557541e-05
-0.00047505847485448277
-0.0011553887332669942
-0.002044593032077025
-0.003217705366393743
-0.004435518537230455
-0.005243241439326257
-0.005787216200880849
-0.006233792391350846
-0.00669520006966716
-0.007252500166423015
-0.0076763468404952625
-0.007820035276769456
-0.007999190440553887
-0.008027137088094428
-0.008075031503689992
-0.008254146826210484
-0.008177892879056674
-0.007690472093441847
-0.007217674802624171
-0.006741424845954551
-0.006324513965341707
-0.005952773103530004
-0.005357362869481763
-0.0045140092755235695
-0.003630234610610643
-0.0027172878590651308
-0.0019126229490444401
-0.0013553422142357735
-0.0007462158412918874
-0.0002497772100198656
0.0001545186813147763
0.0005481198291369753
0.0009441361177473381
0.0013967014085993277
0.001857604598164206
0.0022868957797590795
0.0026215352648256496
0.0028583781606788417
0.003121760335945863
0.003255136955157476
0.0034820805529174707
0.003793026624582729
0.0043481044089943004
0.004845198552651197
0.005362882824060795
0.005709516174101856
0.0059257498964663076
0.005820363655904024
0.005745478865367595
0.005303207599661107
0.004775125473844241
0.004164599727843726
0.003488388204768753
0.002681123879036303
0.0020266181410553714
0.001241464410737688
0.0004582960453780607
-0.00030887910328000463
-0.0010205327554924477
-0.0016624771114652334
-0.002138971405876106
-0.002737286880938764
-0.0031517191775857936
-0.0035282457147807356
-0.0038087169503328365
-0.0038391278360026602
-0.0036175048549011643
-0.0034442541243380367
-0.003345971681257952
-0.003441717287434002
-0.003509493300713926
-0.00356882706492843
-0.003580539186348293
-0.0035424490515756344
-0.0034668460657348954
-0.0034008653123446374
-0.00327532454131078
-0.0030283365151242063
-0.002818587258774859
-0.0027006582809669622
-0.002757787336746444
-0.002892764577226576
-0.0030191372470481904
-0.003069450872590378
-0.0030355887483681826
-0.0030711998407955635
-0.003244589670670858
-0.003331265579517893
-0.0034201452419446105
-0.003490080783280995
-0.003576860622704818
-0.003571638472520213
-0.0035830923198270186
-0.0034928507231106088
-0.003276618581328825
-0.0029075133900982714
-0.002457661410562022
-0.001980103725804942
-0.0016126713262609013
-0.001178766688328662
-0.0007235631867842356
-0.000277675161961797
0.00013471238135572146
0.0006651665353126275
0.0011361553777874697
0.0018264280842931197
0.002654757719939189
0.003550603394460584
0.004442780776208339
0.005414893936531948
0.006285783100703051
0.007237316230979861
0.00808597718965169
0.008837715457504986
0.009442055483164702
0.009920076427182543
0.010261229771768287
0.010552595538212231
0.010776993633526027
0.010821775287908175
0.010748364947139086
0.010541341765804815
0.01026252207536705
0.009920291680209074
0.009596654734109464
0.009330183022408987
0.009057195381197867
0.008719130089694355
0.008261004126864825
0.00775624592347375
0.007147161596137028
0.006475855376347351
0.005781536031227534
0.005151834883698223
0.0045985841405120536
0.004054490454075941
0.003615196879306964
0.0032902160767295284
0.0029921158770479564
0.0026473837736214994
0.0022368101643808463
0.001803850937382711
0.0014455314008646348
0.0011307199385090813
0.0008364547495413237
0.0005600096008768613
0.00019885650897306977
-0.00017788494219026622
-0.0005191053842011734
-0.0008620282741945588
-0.0011637390347106105
-0.0014116842957037216
-0.0015194832315522763
-0.0015003837704863651
-0.001287127084486844
-0.0010034030376638782
-0.0007210073384085308
-0.000517854419512899
-0.00038396371273738064
-0.0003293459186370251
-0.00031165716711029583
-0.00035395950126492165
-0.0004726682484766511
-0.0006348292009221841
-0.0008081462285959956
-0.0010172333914102957
-0.0012152019090518101
-0.001390943275677518
-0.001573748899693962
-0.0016821495133545303
-0.001727936620325939
-0.0016979560416165477
-0.0015442101566797214
-0.0013150346315189674
-0.0011175355156280886
-0.0009506009263417031
-0.0008059529900657423
-0.0006799133264337265
-0.000607029901245431
-0.0005421252819668072
-0.00047475219020870555
-0.0004001912456502107
-0.0003142998509704394
-0.000163923120426466
2.1358062843153632e-05
0.0002466289825265039
0.0005109954460381242
0.0007116570050090439
0.0009757751227832402
0.0012230242127741651
0.0014512055188475618
0.0015923977235444032
0.0017159170840825894
0.0017593237488984265
0.0018320677745264301
0.0019166277558843898
0.002010161076617312
0.002083071997000635
0.002127359042412209
0.002155152812197691
0.002138461849787118
0.002084589282348102
0.0019824063517924367
0.0017979058736224821
0.0015889386542631686
0.0013570054815480572
0.0010942086562117054
0.0007927640350057201
0.0004095542356534064
-2.51180434199104e-05
-0.0004776010854376201
-0.0009013572481891548
-0.00126861736294644
-0.0015854559637830431
-0.0018065295420105984
-0.0019697257451090663
-0.0020687077892639666
-0.0022100208626493097
-0.0023790669579887014
-0.0025933454558142114
-0.002837803039461418
-0.0031325642225336456
-0.0034337176694110576
-0.003793057187809233
-0.004141019678781083
-0.004522818960367294
-0.00490150443566748
-0.005255532287377028
-0.005591799946547114
-0.005916459896010597
-0.006207608307617046
-0.006402081594834812
-0.006528937169427753
-0.006549379528660963
-0.006574334850496418
-0.0065924313735537645
-0.006626821494755377
-0.006658111438878187
-0.0066737719966017935
-0.00667172345098304
-0.0066934368642713295
-0.006696996604604662
-0.006643555300522825
-0.00655994759198206
-0.00642077716972608
-0.006254881183757548
-0.006019774817683815
-0.005724537326044958
-0.005370856290807021
-0.004963159010532417
-0.004466155633131705
-0.003980087358147953
-0.0034730441271026593
-0.0029525078406386534
-0.0023955414491394524
-0.0018640402710509458
-0.0013163970977270374
-0.0008034362277257128
-0.0003054139956682118
0.00014272692416650719
0.0005328593167291032
0.0008892117249675014
0.0012082205724623634
0.0014729220016682786
0.001683143395430797
0.0018969686218098393
0.002050117682650573
0.0021759555299392906
0.002242219593131978
0.00227970034531716
0.00226967895684864
0.0022388795442045764
0.0021956973104571564
0.0021521354723004074
0.002100274808320669
0.002049447013083062
0.002015023106082475
0.001966094356515561
0.001923390096537908
0.001838519663343765
0.001753097139859598
0.0016553258064145875
0.0015593187175989877
0.001434980175921404
0.0013556088694079425
0.0012812703025238026
0.001219091395963817
0.0011599102788347124
0.0011467571181043102
0.001132970104796297
0.0011745394550516626
0.0012309476138707325
0.0013445210316692451
0.001494899946459341
0.0016675223511479142
0.0018613487818244328
0.002098486388979852
0.0023215497372390524
0.002538871665664731
0.0027317707825240765
0.002884266396196797
0.0029879254633000916
0.0030186656601793086
0.0029710676998032795
0.0028518432399327253
0.0026728079793001108
0.0024127737589269022
0.002136707552650679
0.001834026052971805
0.0015235795430926114
0.0012114909663069478
0.0008930416013335783
0.0005896134973314716
0.00031341888607520544
9.150592636693444e-05
-7.929916646021021e-05
-0.00019650273763956343
-0.00029883457454448273
-0.0003589024578564337
-0.00039626856945764057
-0.0004019773727292834
-0.00040626001507378486
-0.0003882213456889454
-0.00034701786744119643
-0.000267592977590211
-0.00015880083304845036
2.4801185074461413e-08
0.00022379664807384953
0.0004889409735175472
0.0007876430609991183
0.0011436548024589654
0.0015552749965040012
0.0019998663269652312
0.002495558217245176
0.0029761733289038173
0.0034965430171978976
0.003981402373821502
0.0044812375898122155
0.004904854469956236
0.0053163716471391525
0.005616639620442146
0.005883268636434061
0.00606827494185775
0.0061906166659128304
0.006248686751935155
0.006222964453313904
0.006142938565444691
0.005956152691894978
0.00575256187623183
0.005460444243513991
0.0051409765062364506
0.004749149788647731
0.004343787929797494
0.003888635348133186
0.0034508766443329163
0.0029856793380534513
0.0025474265489368463
0.0021240950261250374
0.0017436519404473157
0.0013774299353409318
0.0010696197901254804
0.0007791057049133175
0.0005438417947145474
0.0003319733442400507
0.0001378791720797819
-2.5817753934501124e-05
-0.00017656019106562196
-0.00029793342827039756
-0.0004139283638949902
-0.0004838634552325166
-0.0005271843825357574
-0.000553492936630852
-0.0005510706893040479
-0.000525199913895477
-0.0004423078212415234
-0.00034657314514589154
-0.0002251742570653574
-0.00011134844322977851
1.0781464121314801e-05
0.00011894098820321568
0.00019785799520983735
0.00024831276990471517
0.00024830542515094303
0.00020609697177121397
0.00012042384852228046
-1.6297705617590897e-05
-0.0001952330150378965
-0.00040685420641226966
-0.000638275203701066
-0.0009167550528526045
-0.0011887244037654939
-0.0014688568524991396
-0.0017235877501751587
-0.001966581389650043
-0.0021874503265069197
-0.0023666731240565646
-0.0025103275921881415
-0.0026155768163122575
-0.0027017271220427202
-0.002786654793133333
-0.002840962369784197
-0.0028955590549758596
-0.002932871249683571
-0.0029436995554229005
-0.002929507149464147
-0.0028901003918166287
-0.0028306159967309203
-0.0027455197634832728
-0.0026330017715077074
-0.0024848152845414868
-0.0023322127038762504
-0.0021578846760502038
-0.0019677491154456803
-0.0017574063285398704
-0.001529859487402992
-0.0013047464549058633
-0.0010625301570338875
-0.0008337154489121273
-0.0006164238690422951
-0.00041005963905273217
-0.00023865768115370465
-6.416323668063767e-05
7.881196647799169e-05
0.00019895521124301622
0.00028181222809135233
0.00035226533021722064
0.00038642834819501245
0.0003990869475527232
0.00036872848167324114
0.0003235833921104367
0.00026562598703328195
0.00019496263269634092
0.00011484461126064286
3.342423188864853e-05
-3.541183854739261e-05
-9.731450509072282e-05
-0.00014345021626406527
-0.00017802893897296017
-0.00019474491569005585
-0.00019027051356676567
-0.00018107436254306247
-0.0001642359294730165
-0.0001479265347892672
-0.0001394088879996586
-0.00015180442741821037
-0.00018790073328901638
-0.00024874333552743374
-0.0003213069480326886
-0.0004244172945322243
-0.0005527655171752159
-0.0007060567550290059
-0.0008687599593622183
-0.0010252937017170248
-0.001202204722650366
-0.0013658108651441734
-0.0015190690200930137
-0.0016611026677268604
-0.001784401524558388
-0.0019076898417771798
-0.0020100251960488806
-0.002113579674107281
-0.00221372957064032
-0.002321649120592493
-0.0024206491054124895
-0.0025103732001295746
-0.0025947798238398654
-0.0026930888054239816
-0.002769338521882554
-0.0028354822229099937
-0.002879194279858172
-0.00290673471323037
-0.002905017892713388
-0.0028608895795623874
-0.002755063685929645
-0.00261862212477434
-0.002416179897698881
-0.0021824976267507375
-0.001902225329877811
-0.001598769307925493
-0.0012836809284635694
-0.0009580414683739845
-0.0006430296524287073
-0.0003424667800943794
-6.090221745479838e-05
0.00018002239080486775
0.00040173329856548303
0.0005790516366676432
0.0007195340515323249
0.0008161682508694546
0.000880368041468999
0.000919218938530315
0.0009193591310459884
0.0008935613647058998
0.0008323239534417872
0.0007665162401963022
0.0006739051350116986
0.0005745131319819815
0.0004678604349879384
0.0003642298794544273
0.0002588402770954768
0.00015606505152491516
4.867052606627239e-05
-2.985439584442012e-05
-0.00012645273602239054
-0.00018922481979832912
-0.0002586380202814087
-0.00029248666180758893
-0.0003006037829375294
-0.0003100343235068809
-0.00027788514616789307
-0.0002441752447249712
-0.00015367869407882472
-6.238561716364886e-05
7.719445599741435e-05
0.0002161127760695809
0.00041616726480165635
0.0006205849050889444
0.0008684573984514882
0.0011244932397486344
0.0014150395977054375
0.0016972832965089426
0.0019930820605445682
0.0022665787934430985
0.0025187602962548216
0.002733843927168674
0.0028791929870252433
0.0029673295097162097
0.0029631539689353786
0.002900303031929165
0.0027295284700188274
0.0024980650889100385
0.0021720278562871757
0.0018047567071996086
0.001394893907959605
0.0009493503754425618
0.0005048005768256351
5.4520851952229595e-05
-0.00036666353817710985
-0.0007723702635876772
-0.0011471714379538659
-0.0014886736879234233
-0.0017906321094872026
-0.002074632036548182
-0.0023266866019826795
-0.002551234976721853
-0.0027389941602180556
-0.0029051447384960093
-0.0030380481594891274
-0.003138354255564199
-0.0031794794690442486
-0.0031930079829487826
-0.0031462873833715548
-0.003059525786863002
-0.0029132048935511233
-0.002706722707412981
-0.0024637951874110406
-0.0021390000495384092
-0.0018031839159046298
-0.0013839149279538641
-0.0009829721779116996
-0.0005291081997004178
-0.0001115364850582578
0.0003216216202008321
0.0007049061963055459
0.0010573001305136636
0.001356449359933595
0.0016039278305496974
0.0018027018708871548
0.001929617245815029
0.0020025398623889318
0.0020131189696453336
0.0019707456898366373
0.0018680328001776548
0.0017201887525575166
0.0015230586675357355
0.0013032197247059448
0.0010429757834454405
0.0007769156352934685
0.0004923657614116835
0.00023387151306474425
-2.5226482329407624e-05
-0.00025543450088084073
-0.00046116098911045935
-0.0006297593113348773
-0.0007547380510991855
-0.0008570193842956753
-0.0009061239467755866
-0.0009279527340168076
-0.000902222210718291
-0.0008596371930086396
-0.0007860173196124728
-0.0006826369773857924
-0.0005436543157214273
-0.0003872730171376314
-0.00019613129949662322
1.8522781556079847e-05
0.0002672447187398949
0.0005406118131451666
0.0008303528850661594
0.0011458200109285845
0.001462679075474122
0.0017924070105171145
0.002090819877065381
0.0023920748584373938
0.0026344550939093815
0.0028725633251877446
0.003020553703696773
0.003149390540107533
0.003164554263067779
0.0031682738579810474
0.003045300264223434
0.0029088943385397604
0.0026690766341685708
0.0024173739900207256
0.002104223650747572
0.0017859830777232427
0.0014397730492074147
0.0011176701247988011
0.0007938265321866697
0.0005014902770307812
0.00022395482792267375
-2.131733109578412e-05
-0.00023831320748087494
-0.00043641149983865305
-0.0006171875849353024
-0.0007750838739761121
-0.0009153485181408678
-0.0010458929381705695
-0.0011532485516589004
-0.0012641436098520923
-0.0013302205762187784
-0.0014009333314295846
-0.0014311841865862433
-0.0014480179841248348
-0.0014324204605818934
-0.0013816912993690432
-0.0013181147734428553
-0.001208532859771596
-0.0010915367369604004
-0.0009310283696402847
-0.0007855901306777227
-0.000602728571756213
-0.00045491767901883286
-0.00026810617097146653
-0.0001360987538915648
1.4873673958670772e-05
0.00012194930407157176
0.00022714819651188233
0.0003046475941756335
0.0003556394469318825
0.00039499290008894407
0.00040310672054106846
0.0004093995306313077
0.00038490287987934425
0.0003632088274105279
0.0003274969808176039
0.0003021988199806558
0.0002696768823620187
0.0002639491510955692
0.00025550245033852077
0.00029361634135071746
0.0003234200361528937
0.0004085333243437323
0.00048079264072461704
0.0006074585969083508
0.0007190953037646378
0.0008545288840478887
0.0009783781526271676
0.0010867045669925221
0.0011919771898772598
0.0012480697414240678
0.0012941275968568614
0.0012855954373835435
0.001259242532928962
0.0011834608698032896
0.0010883699918474716
0.0009574332958033783
0.0008236153972979837
0.0006628771240264398
0.0004977307634156564
0.0003281933590930258
0.00015557396982104782
-5.560779020009245e-06
-0.0001834445803289209
-0.0003524928403624293
-0.0005374440506713549
-0.0007194394112458362
-0.000925331660962564
-0.0011297651160486852
-0.0013558962440263537
-0.0015812251371114601
-0.0018263408452831912
-0.002060179689834895
-0.002296228993976824
-0.0025038983481501303
-0.002695408569144477
-0.002853097369208847
-0.0029592287221254705
-0.0030230195604363306
-0.003029279384450333
-0.002992393355261281
-0.0029061576947627646
-0.0027843439855163416
-0.002636034362735817
-0.0024711844349996053
-0.00230707633193924
-0.002143819945658507
-0.00199713332669839
-0.0018604393952223175
-0.0017616733598203181
-0.0016729766876125295
-0.001627467266405562
-0.0016030756233871705
-0.0016115515859845856
-0.0016523763869955147
-0.0017107847835883354
-0.0017972984668853881
-0.001899417766429552
-0.0020238150218737433
-0.002137819324725281
-0.0022760380836131058
-0.0023918360737200535
-0.002521320567007022
-0.0026298249130453297
-0.0027261193662644224
-0.002815936775472672
-0.002867344387890506
-0.0029197375789300523
-0.0029211250702945333
-0.0029176166563592205
-0.002864228073677372
-0.002787416934233399
-0.0026679303011837322
-0.002515574954656542
-0.0023316220349870274
-0.0021022848796724255
-0.0018437895896433517
-0.0015266607035834196
-0.0011936049800906595
-0.0008000135605725925
-0.0003870832827892146
7.896566507925344e-05
0.0005592081034128708
0.0010805325827862344
0.0016027581438612074
0.0021486124950659082
0.002666629998072432
0.003183270529924258
0.0036401553124665083
0.004063985579707724
0.004394381131730621
0.0046629250536632475
0.004815999256274457
0.004888963525973172
0.00485080656488827
0.0047259621660366204
0.00451475334867575
0.0042338452002553244
0.0039030807741716397
0.0035365441654994574
0.0031396497043970724
0.0027448740395165355
0.0023450190297720484
0.0019570631511981237
0.0015837392581411391
0.0012262479835644922
0.0008888655189121338
0.0005682221815524574
0.0002666685471120211
-1.3034520909031737e-05
-0.00026477867025220673
-0.0004995565039706021
-0.0006965487565284255
-0.000868345706929869
-0.0009911207769213834
-0.0010781600083306314
-0.0011122549245016326
-0.0010975851936628979
-0.0010188029747209893
-0.0008931956398807964
-0.0006983696705668422
-0.000464587482956534
-0.00017324402698199373
0.00014763575319627216
0.0004967799445834454
0.0008486698604808856
0.0012050772245515004
0.0015323237093693486
0.0018404883333333385
0.0021032365138858537
0.0023190949344980517
0.0024933370321314732
0.0025937021237565703
0.002657884612871507
0.0026394376127101948
0.0025864487148562483
0.0024641988616902985
0.002298108525027494
0.002087353802639729
0.0018385489779846008
0.0015644000046562264
0.0012715731241928377
0.0009728994015587025
0.0006751572903418753
0.0003928851180228336
0.0001295818064488042
-9.728604414023609e-05
-0.0002935921190833049
-0.00043638938915558837
-0.0005486544771695592
-0.0006017850628477554
-0.0006241526082928701
-0.0005924042596915723
-0.0005242207314826167
-0.00042974137505866097
-0.0002863868279698974
-0.000130747463538769
8.230732792102757e-05
0.00029527647623948656
0.0005657227239754946
0.0008454960258772316
0.0011619565441142266
0.0014959250848520576
0.0018420781126527951
0.0022071705842474426
0.002564885233436952
0.002916369851661064
0.003244427931091175
0.0035481954550069385
0.0037974500976494436
0.004007875773154683
0.004131027842727293
0.004203424022372622
0.004173174706438841
0.0040778441666251925
0.0038905255704715287
0.00363525412142244
0.0033103104392061735
0.0029318693945377546
0.0025075539511836237
0.0020549814303027028
0.0015913537765975998
0.0011164101522532289
0.0006598004932814166
0.00019860388811587953
-0.00022456398745445834
-0.000642652420294064
-0.0010257965561894468
-0.001399713185670445
-0.0017468130030139537
-0.002086340300427874
-0.0023981424149384376
-0.0027105562991076543
-0.0029899516735496156
-0.0032651301358872604
-0.003506705130042422
-0.003734353106988695
-0.003923676761503786
-0.004086410890015764
-0.004211012209230239
-0.004303839268443143
